N = 800
h = 0.00125
Tau = 0.05
T = 2
alpha = 0.1
delta = 0.00001